2000
28665
56888
90107
53962
74552
16691
73042
95706
25428
44985
53214
33032
96566
26228
12042
17837
52267
89893
40653
78194
81747
44368
31072
64891
82166
50275
16273
64449
57057
50244
56976
48010
85534
47271
48807
10150
25714
19337
84246
75689
60975
97739
16284
73888
30154
82526
77394
39362
21383
96824
36977
21621
88144
67761
18436
65241
41188
54925
82264
24917
91965
39573
41167
28764
21034
83892
46212
46027
73706
12475
83417
48722
14986
50753
66269
56765
13190
65627
92121
75038
80828
23748
76185
99353
82846
96425
84936
21436
96805
35955
66932
62888
18675
33362
33616
65264
85473
19491
31608
82045
43095
95774
16399
38251
86074
31438
48677
99012
16047
60941
90197
48711
97742
61852
42314
74293
60481
98684
26369
36904
99948
30060
60377
32496
88727
32511
36519
87738
77431
63289
36902
73151
69883
98086
48268
33383
91745
78759
38552
61193
85592
91114
68792
72672
59233
83556
17254
41515
15839
17902
35842
72225
88717
42794
70011
29246
78174
81024
23543
31135
47424
24969
20227
80870
17338
13111
98964
55403
75060
79359
69915
46303
60326
74212
63222
64317
11673
79633
79300
58848
91545
41987
97841
12699
20220
56481
35503
75497
34940
16680
17413
18706
23824
46935
23249
48838
50985
71908
44890
14489
91704
29242
41665
82427
87181
49696
50741
93123
65994
74694
26565
87351
14757
23486
70240
93386
28333
51061
28392
71219
42404
89581
49013
30470
37451
50184
42390
30914
21627
76915
96803
74006
54703
39181
41902
59840
86528
64930
45815
45988
33256
18152
56047
32581
19399
26565
46100
46275
40020
78635
17515
39185
64939
40258
39835
17441
48293
83984
41174
78287
97541
70103
56371
67015
84159
67435
46134
53316
19923
46766
25330
23974
90807
91658
60949
81982
28226
11867
45985
72473
39333
86230
75322
95447
88724
35658
36075
66135
74546
32946
35411
83617
11995
43459
59837
75759
41098
13496
32830
44408
63227
47320
44200
57403
50603
60257
45659
83189
75851
10835
93834
39920
76452
49563
92843
77880
28980
58346
25128
64378
63910
72242
17763
30651
93584
91037
40487
24194
40678
21977
58393
74483
71516
89412
65501
75881
29752
49072
90757
53871
72662
94403
60660
37068
43461
48797
63649
63673
55310
73575
64551
98223
37077
82101
19721
78050
24601
91431
60915
35380
66933
60098
94076
92055
81257
96069
51959
45859
26050
81003
27432
34240
63221
60317
96131
65857
11516
82465
62817
36637
53463
89571
71788
48395
50772
29630
51082
71385
18569
75350
51270
52857
33229
65317
59481
51945
33334
69825
35592
86765
41278
56311
44759
11227
18271
31878
58235
86883
19213
35146
11373
77113
18723
43811
21643
14193
60277
93441
48728
41365
73108
28334
77428
84998
87777
62233
42598
87804
45225
15130
36837
66444
66654
29559
67206
77909
76742
69090
63408
72103
63420
58844
53723
75473
74901
52635
36407
26933
38813
13843
11017
96330
34672
37620
27840
54285
99572
76655
54662
68214
57539
58678
45474
75154
95111
15743
39594
48370
70430
42165
41093
87839
42125
86364
40815
69849
36849
94015
54678
44491
15456
17591
51473
42044
46846
14969
80192
12276
95628
77197
99662
75336
87963
82023
44803
58069
28557
81076
74982
65925
51388
85555
68896
26401
98805
91901
29675
11108
56556
99202
67290
12551
35315
17394
34562
86702
42293
91892
35094
24078
33212
29575
67728
22553
97794
14818
57371
23496
93717
20122
50958
68547
76564
60688
52035
93280
70694
17284
11525
50422
16538
68346
73831
92621
58376
57735
29714
95813
80950
38120
14055
71215
54327
16527
78706
52763
79407
25756
29615
45951
60257
64068
65207
87776
30569
17472
67986
17552
71285
34612
84496
79365
84110
16874
85331
49330
30485
38154
13892
67828
53768
85177
62598
28475
29667
85052
13256
12147
65491
11415
98051
48734
60199
18054
88531
72943
23935
49910
49075
34342
93078
75361
79393
49891
51068
48549
98464
83545
41228
21088
45117
27888
59053
40506
83193
13862
61283
42767
84948
64596
24629
24712
76011
93929
29609
97748
20808
92533
76668
57784
40248
62116
11854
30480
80059
61445
33305
72944
64052
28549
11250
93516
89007
10429
86105
31153
87922
78757
61899
62670
21788
14179
38647
64770
43003
41092
89821
66867
76282
92614
37409
59736
96566
48528
70255
33300
24082
70654
72313
86880
65313
49212
38236
47635
60048
96255
63361
33536
40838
91179
29295
98781
15075
39348
77245
54635
58262
21476
51749
86647
15307
65237
86020
90540
62353
28380
40190
82498
76346
81795
73791
86503
34059
57858
73260
69112
35747
82121
36520
42781
84649
72091
47459
83694
20398
70586
60764
67702
50449
56476
20679
27202
88273
56615
38121
90710
43581
50958
21840
63405
75495
43496
43680
62650
43000
42313
69464
35184
94701
85727
22947
43546
23566
61979
30923
11752
99615
71562
72919
53750
47072
79728
98741
14363
54079
18784
94931
68539
10158
76777
49591
47481
24318
71616
56703
63069
90442
80534
20147
25742
89313
56871
47942
48652
18475
48703
43979
38572
85916
89256
64387
39233
59111
87076
17861
69459
90794
61171
14951
41647
97799
46530
23769
64731
63858
18368
14097
80628
62998
91054
19184
68982
19715
94819
18228
80023
18386
68329
80375
22560
32569
69351
21892
51625
93609
28428
10265
51760
64644
89301
14712
20134
39805
92027
36456
25094
51448
36796
41273
41219
33520
93780
95461
38029
65991
83736
98129
76607
37864
97246
52611
79128
29208
57900
90845
61683
52283
64652
93239
37510
27283
80569
33131
71012
95716
64874
65946
26559
11650
15015
11836
15758
41372
19196
69621
55894
89714
25273
29314
20968
25201
27251
76051
76071
82895
78251
57011
61652
79985
33785
57794
82552
24347
88101
23988
70589
80687
10785
19745
34009
16406
44998
77885
94584
60765
98858
52003
93173
73911
16379
47003
24613
11152
36507
49931
12481
66577
15191
23737
38542
85535
20262
76046
86970
77694
39914
13893
33668
66468
83398
14451
21016
32808
88285
43969
75143
30616
27122
12085
93135
89514
57106
89615
85644
41130
97946
22367
84218
73267
47877
80787
32550
85113
38182
97102
91552
88818
82527
62853
91519
88373
92908
39587
49921
29130
79071
69212
13821
19505
65801
47342
42376
30239
69041
52179
24320
67139
57188
25907
84936
21271
23753
76039
96896
52610
39359
22600
97087
77946
69734
29494
95840
45751
10423
31956
29192
53778
34225
12961
70128
48764
27473
76194
73330
95835
58205
30474
48116
78447
57085
46955
16236
18787
23958
31606
27263
97007
76213
65215
59259
73243
34196
80652
15021
29389
37276
28556
13663
66387
53255
64148
25970
43244
47136
12260
81412
72817
14234
72585
48349
96722
39897
70332
71500
11306
61361
44471
47257
89540
51466
42359
99895
40295
28668
47388
85576
64173
16397
60814
21116
81714
43572
85114
58216
57511
48857
50938
17775
96277
55659
11187
34528
10719
58797
97832
17211
53921
78574
99899
48993
35061
84323
35556
77463
59940
10852
53722
52230
79625
98528
63870
45507
32849
16525
39015
16358
26191
94416
41751
49289
29180
41477
24061
45679
98139
33356
67204
62414
71851
99280
50185
33226
28725
58981
23114
74864
38133
82605
16137
91292
34758
31559
21647
10055
25590
89670
58174
94272
84089
69657
33967
83317
98265
66236
35466
16703
82570
64490
60660
71080
91276
49548
52531
94618
82282
53267
94957
41061
17807
13598
69582
26444
52696
90120
62375
45100
99300
11570
85076
84378
64232
34712
10694
59704
24608
22227
57503
53460
73008
64203
47453
57198
74872
16230
66845
83955
69334
71377
51569
59882
29125
44729
88700
40411
21363
68167
58265
51479
89872
77430
60652
26968
80274
71810
63536
24741
28086
96015
92336
59362
13056
91955
31393
12770
14820
71569
24444
87146
42094
59571
93338
88196
72667
31523
26503
13628
45706
86534
99977
37595
98237
37253
51562
96269
93049
84378
96673
73409
31085
56787
68048
20573
92576
65142
67030
28539
42403
40434
92195
93059
48741
22189
96716
19494
26421
40943
42869
44325
13410
16202
51723
89308
45567
18485
83012
24511
79730
50899
15965
53471
22475
57157
74419
41896
42786
66073
63470
36666
94137
35516
19335
99075
40641
16163
89835
32133
20296
65346
67639
25481
43903
79096
77507
91759
33082
83879
38667
25425
49025
31011
64776
31491
67172
96599
60574
63977
61931
35758
93214
71686
69898
61636
13372
22779
96516
40442
99531
81348
20791
59040
92740
63323
30725
72018
93413
28472
71251
35618
63414
92102
86137
92702
76710
13538
80426
14765
37957
82946
46286
32443
25931
30576
30411
33294
75013
31250
15411
34725
86064
74040
82246
94684
27005
99873
74615
38126
62917
65225
16429
22072
95094
55235
44720
75398
12236
47679
46083
75548
92475
25977
58897
63299
14535
92990
89439
70510
45831
98363
37681
30408
70878
54500
71897
25947
55561
87965
80907
81407
60007
98377
20412
20686
71666
92060
53176
65104
81404
89407
11186
17368
98324
91168
68246
24506
87032
29667
55211
70743
82245
89818
53828
25431
64073
64924
17045
21761
79082
64917
72915
41530
88975
46185
82020
33511
13820
15686
63366
48945
93163
56149
17387
50565
57333
86860
82898
56260
89841
39236
27617
39790
54947
25938
63118
49446
49382
15797
92253
41426
63140
19483
87876
15345
25665
41887
27946
98041
50312
62291
40014
31884
80637
23766
85059
31958
18226
38930
69593
74406
15941
74020
43703
72534
17350
37849
84644
11129
83319
86594
91494
65905
91084
50292
69953
37817
16337
12350
93873
39749
99579
55320
79811
59205
19607
84836
75965
33808
23166
93988
17438
83346
41802
97064
16096
96324
24066
89537
51818
95813
80209
62711
89378
47138
27813
14740
77424
95015
65156
92379
76621
80754
15000
98232
72170
44688
30939
47174
91469
28054
96926
63143
29079
25582
68179
48979
96209
22316
53818
55056
72004
70668
57608
44473
60039
35435
18980
42191
30579
81118
93068
88937
24675
59362
87396
10601
54135
77377
10814
66829
99176
39549
45221
10847
57142
65229
68755
19657
95788
71330
60627
38088
52293
21156
73953
16140
94280
18526
42029
35753
89343
68434
71534
70077
40806
20330
62931
56670
75182
84044
54085
60383
37937
38217
28376
40655
59424
41811
46432
59935
53239
28489
52128
11118
25010
20432
48494
91331
10602
79519
92531
57413
37960
84135
30478
69450
34842
38589
35544
48762
36179
92006
40706
97264
70348
74670
50506
39725
69352
58980
82733
29752
19238
61558
76982
50614
32063
92852
64405
44114
53680
22995
72490
69177
25745
39057
70145
91748
79347
77456
80328
39635
47289
92226
22730
72163
72669
84879
37680
27388
29780
95269
85934
25449
47931
30764
54137
52756
72672
67604
84040
30029
93070
65406
56648
29191
89376
82277
86233
50080
60038
18423
37654
33451
14629
52771
63426
62076
44121
91825
20653
26239
88406
10712
55831
14501
70268
34080
37403
89644
66297
73733
12908
46425
95720
29028
28862
71301
67719
28821
90827
62513
39238
91781
82838
75448
41275
97967
98716
40736
49011
38087
77526
10011
64643
92803
66283
10208
62908
16822
13779
98882
58941
89882
69446
17322
76002
89400
67442
23109
20907
15735
14716
82316
92999
78016
64798
55884
57023
15194
28990
39426
29999
21766
14623
61125
59999
69129
13712
26655
79136
62929
59779
52697
91009
83542
82553
31106
20369
77135
65144
49356
90063
44926
54686
29252
51262
53545
86591
46204
31684
59270
96874
96134
48914
21458
73643
20559
47197
29470
33113
71733
55482
34342
50575
38551
13129
47855
78584
21128
16952
44157
84467
81103
96809
73550
51143
83630
56398
68183
79423
54076
27008
68008
16198
98385
37630
38334
58798
61054
29987
39046
63802
42199
52112
97465
36332
48462
68937
80488
72457
35341
44252
72549
41144
61040
67883
44699
41769
54108
59131
75180
46770
21584
99429
23589
33397
76167
53801
67151
56701
19926
95459
47573
11735
76104
44454
12189
54862
71588
69476
26549
49150
38855
21936
42300
23994
22852
82378
42106
44570
65557
62969
91100
15612
25820
55224
76048
58218
86778
98535
92601
96108
91435
33282
77712
64260
59708
44814
48135
91608
56459
54559
63579
74733
87418
17336
62598
71086
67647
79498
75965
71420
31610
38717
36525
27791
41811
70828
83405
90523
41536
97978
10944
83246
47953
69331
21081
14277
30136
90782
71563
92175
86472
85742
78684
32377
46505
95688
83782
61320
45252
36095
70074
46533
35393
79258
18337
31186
75147
99335
93088
53675
95341
64152
39687
39704
33516
48124
35558
85758
27920
88201
98556
52310
77743
54501
39646
46949
47704
56068
90273
20554
78121
15804
78324
51783
41294
89956
10140
16407
62343
58507
89053
43085
59044
45909
95378
43069
77807
88575
48250
68804
41638
28100
54415
24897
75620
54600
18980
90951
72459
20257
84026
34923
63745
67014
39679
52360
72324
98384
57908
79794
11722
96733
62905
64999
42793
48451
31079
21201
45360
94097
20697
96873
32448
26433
22024
24406
93691
44378
74802